 177 136 204  79  77  74  79 156 240 254 249 247 222 226 227 253
 209 123 226  77  75  72  69  73  90 185 163 143 233 207 236 230
 172 220 212  75  74  74  75  75  73  68  83  71 108 247 227 185
 200 240  92  73  72  71 103 222 114  69 186 203  80 132 253 194
 234 157  74  70  71  70 191 252 102  67 169 254 172  74 213 236
 247 120 113 112 113 142 248 186  83  67  68 173 243  68 134 254
 207 128  69  94 222 254 255 255 239 114 121 121 253  71  87 253
 188 123  64 184 250 185 251 227 253 161  65 153 250 115 128 243
 191  87  90 241 155  65 197 224 216 216 130 232 197 120 106 242
 211  60 109 253 123  68 107 247 255 255 255 246 142  76  81 250
 243  71  65 248 142 115 105 103 211 249 200 138 105  63 131 250
 220 144  66 250 214 198 203 226 220 236 126  65  65  62 196 238
 149 236  81 250 255 255 255 255 255 228  63  59  61 123 239 201
 179 214 212  96  92  88  88  87  86  82  61  62 100 234 225 182
 170 189 228 215 108  65  60  61  58  59  63 139 229 227 167 202
 186 149 154 167 225 199 152 136 141 156 218 237 195 169 181 224
 175 148 206 196 203 201 199 218 249 254 254 247 226 231 226 254
 216 135 230 196 202 201 201 199 197 228 222 214 241 215 234 229
 176 231 240 195 199 199 199 194 195 198 196 194 200 251 228 189
 208 248 200 199 198 200 204 243 207 198 232 236 194 207 254 195
 238 219 197 199 198 198 228 254 204 197 224 254 225 191 236 235
 252 197 203 202 201 219 252 225 192 190 194 225 250 189 209 254
 232 213 192 198 240 251 250 249 244 202 207 204 254 185 187 254
 229 207 192 227 248 222 244 235 244 218 191 215 253 199 196 251
 230 198 194 245 216 195 224 231 230 232 206 238 226 201 195 252
 235 190 203 246 205 192 198 238 238 239 242 243 205 189 186 254
 253 190 187 246 212 201 201 199 225 235 223 203 199 187 206 254
 229 212 188 245 230 224 223 233 226 233 203 185 185 185 230 249
 177 248 187 247 240 239 238 239 238 234 187 187 186 201 254 213
 194 226 235 195 196 196 194 195 193 190 186 184 189 249 239 207
 184 207 237 238 195 183 186 185 184 184 181 208 246 242 183 219
 204 171 177 183 233 231 208 212 212 212 239 249 215 181 192 239
 181 159 206  83  77  73  77 162 244 254 252 249 233 241 235 253
 225 149 227  82  74  70  68  70  94 191 169 148 238 220 240 234
 188 238 214  76  70  68  70  73  77  67  85  74 111 248 234 204
 214 243 100  73  70  67 108 225 128  68 188 208  85 135 254 201
 241 163  70  68  68  68 197 253 119  69 173 253 183  73 215 245
 250 133 123 122 122 151 250 197  88  72  69 180 246  73 136 254
 213 137  71  99 225 255 255 254 244 130 131 135 251  79  87 251
 196 132  63 193 252 198 252 237 254 169  70 165 253 135 147 246
 191 104 104 246 164  70 209 233 227 224 136 234 213 128 125 246
 213  68 130 254 136  67 118 250 255 255 255 250 161  80  84 253
 250  79  77 255 160 127 114 126 219 251 211 164 123  66 133 254
 231 151  79 254 218 201 210 227 221 243 139  73  67  62 199 250
 189 241  91 254 255 255 255 255 255 241  69  63  64 128 254 221
 203 231 220 118 112 109 108 107 109 104  67  63  99 247 244 218
 192 216 243 225 111  69  66  65  64  67  67 145 243 246 196 226
 211 171 179 194 241 205 159 144 146 167 228 254 225 200 201 246

 253 230 185 194 236 254 253 243 242 250 250 238 201 182 202 224
 227 236 227 253 213 134  87 128 106  81 131 196 239 225 167 181
 226 207 247 132  74  68  71 115 120  76  63  62 123 234 227 169
 222 233 108  80 172 243 253 250 197 142 105  65  61 100 229 195
 247 143  71 203 254 173 121 153 232 246 138  65  59  62 139 237
 249 163  83 186 169  68 121  65 130 255 200 126  63  61  63 218
 254 185  68  69  67  67 114 161 216 255 249 236 228  82  59 156
 240  90  73 114 102  83 239 253 216 255 211 220 255  86  58 141
 156  73  75 222 252 186 255 227 224 247 103 226 255  87  61 136
  79  69  75 103 191 248 255 251 197 107 105 203 255  88  60 152
  74  72  74  71  70 142 254 185  65  68 115 198 255  88  65 199
  77  75  74  72  71 113 222 250 155 123 142 214 255  92 108 225
  79  77  75  73  70 112  94 184 241 253 248 250 250  96 215 167
 204 226 212  92  74 113  69  64  90 109  65  66  81 212 228 154
 136 123 220 240 157 120 128 123  87  60  71 144 236 214 189 149
 177 209 172 200 234 247 207 188 191 211 243 220 149 179 170 186
 254 229 189 195 235 254 254 251 252 254 254 249 213 207 219 239
 226 234 228 254 236 209 187 196 195 186 206 230 254 239 183 192
 231 215 251 207 191 189 185 199 201 189 187 185 201 249 242 181
 226 241 200 194 225 250 254 253 226 205 199 185 186 189 246 215
 247 214 194 236 254 225 204 215 238 243 203 185 187 184 208 249
 254 222 196 232 224 194 207 191 206 242 223 203 187 186 181 239
 254 228 198 198 197 190 202 218 232 239 235 233 234 190 184 212
 249 197 195 207 204 192 244 244 230 238 225 226 238 193 184 212
 218 199 194 243 254 225 249 235 231 238 199 233 239 195 185 212
 199 201 199 204 228 252 250 244 224 198 201 223 238 194 186 208
 201 201 199 200 198 219 251 222 195 192 201 224 239 196 183 231
 203 202 199 198 198 201 240 248 216 205 212 230 240 196 195 233
 196 196 195 199 199 202 198 227 245 246 246 245 247 195 238 183
 206 230 240 200 197 203 192 192 194 203 187 188 187 235 237 177
 148 135 231 248 219 197 213 207 198 190 190 212 248 226 207 171
 175 216 176 208 238 252 232 229 230 235 253 229 177 194 184 204
 253 234 204 201 245 254 251 246 246 253 254 250 221 218 226 246
 235 240 234 254 215 136  87 147 125  84 133 199 254 244 196 201
 241 220 248 135  73  73  79 135 128  80  66  62 128 247 246 200
 233 238 111  85 183 246 251 253 213 161 123  67  64  99 243 225
 249 148  74 208 253 180 135 165 234 250 164  73  63  63 145 254
 252 169  85 188 173  69 131  70 136 255 211 139  69  67  67 228
 254 191  67  68  69  72 130 169 224 255 251 243 241 104  67 167
 244  94  77 128 119  88 244 254 227 255 219 221 255 109  64 146
 162  70  73 225 253 197 254 237 233 250 126 227 255 107  65 144
  77  68  70 108 197 250 255 252 209 118 114 210 255 108  66 159
  73  70  68  67  68 151 255 198  70  67 127 201 255 109  69 205
  77  74  70  70  68 122 225 252 164 136 160 218 255 112 111 241
  83  82  76  73  68 122  99 193 246 254 255 254 254 118 225 194
 206 227 214 100  70 123  71  63 104 130  77  79  91 220 243 179
 159 149 238 243 163 133 137 132 104  68  79 151 241 231 216 171
 181 225 188 214 241 250 213 196 191 213 250 231 189 203 192 211

 224 181 169 195 237 218 156 141 136 152 199 225 167 154 149 186
 202 167 227 229 139  63  59  58  61  60  65 108 215 228 189 170
 182 225 234 100  62  61  82  86  87  88  88  92  96 212 214 179
 201 239 123  61  59  63 228 255 255 255 255 255 250  81 236 149
 238 196  62  65  65 126 236 220 226 203 198 214 250  66 144 220
 250 131  63 105 138 200 249 211 103 105 115 142 248  65  71 243
 250  81  76 142 246 255 255 255 247 107  68 123 253 109  60 211
 242 106 120 197 232 130 216 216 224 197  65 155 241  90  87 191
 243 128 115 250 153  65 161 253 227 251 185 250 184  64 123 188
 253  87  71 253 121 121 114 239 255 255 254 222  94  69 128 207
 254 134  68 243 173  68  67  83 186 248 142 113 112 113 120 247
 236 213  74 172 254 169  67 102 252 191  70  71  70  74 157 234
 194 253 132  80 203 186  69 114 222 103  71  72  73  92 240 200
 185 227 247 108  71  83  68  73  75  75  74  74  75 212 220 172
 230 236 207 233 143 163 185  90  73  69  72  75  77 226 123 209
 253 227 226 222 247 249 254 240 156  79  74  77  79 204 136 177
 239 192 181 215 249 239 212 212 212 208 231 233 183 177 171 204
 219 183 242 246 208 181 184 184 185 186 183 195 238 237 207 184
 207 239 249 189 184 186 190 193 195 194 196 196 195 235 226 194
 213 254 201 186 187 187 234 238 239 238 239 240 247 187 248 177
 249 230 185 185 185 203 233 226 233 223 224 230 245 188 212 229
 254 206 187 199 203 223 235 225 199 201 201 212 246 187 190 253
 254 186 189 205 243 242 239 238 238 198 192 205 246 203 190 235
 252 195 201 226 238 206 232 230 231 224 195 216 245 194 198 230
 251 196 199 253 215 191 218 244 235 244 222 248 227 192 207 229
 254 187 185 254 204 207 202 244 249 250 251 240 198 192 213 232
 254 209 189 250 225 194 190 192 225 252 219 201 202 203 197 252
 235 236 191 225 254 224 197 204 254 228 198 198 199 197 219 238
 195 254 207 194 236 232 198 207 243 204 200 198 199 200 248 208
 189 228 251 200 194 196 198 195 194 199 199 199 195 240 231 176
 229 234 215 241 214 222 228 197 199 201 201 202 196 230 135 216
 254 226 231 226 247 254 254 249 218 199 201 203 196 206 148 175
 246 201 200 225 254 228 167 146 144 159 205 241 194 179 171 211
 226 196 246 243 145  67  67  64  65  66  69 111 225 243 216 192
 218 244 247  99  63  67 104 109 107 108 109 112 118 220 231 203
 221 254 128  64  63  69 241 255 255 255 255 255 254  91 241 189
 250 199  62  67  73 139 243 221 227 210 201 218 254  79 151 231
 254 133  66 123 164 211 251 219 126 114 127 160 255  77  79 250
 253  84  80 161 250 255 255 255 250 118  67 136 254 130  68 213
 246 125 128 213 234 136 224 227 233 209  70 164 246 104 104 191
 246 147 135 253 165  70 169 254 237 252 198 252 193  63 132 196
 251  87  79 251 135 131 130 244 254 255 255 225  99  71 137 213
 254 136  73 246 180  69  72  88 197 250 151 122 122 123 133 250
 245 215  73 183 253 173  69 119 253 197  68  68  68  70 163 241
 201 254 135  85 208 188  68 128 225 108  67  70  73 100 243 214
 204 234 248 111  74  85  67  77  73  70  68  70  76 214 238 188
 234 240 220 238 148 169 191  94  70  68  70  74  82 227 149 225
 253 235 241 233 249 252 254 244 162  77  73  77  83 206 159 181

 186 170 179 149 220 243 211 191 188 207 247 234 200 172 209 177
 149 189 214 236 144  71  60  87 123 128 120 157 240 220 123 136
 154 228 212  81  66  65 109  90  64  69 113  74  92 212 226 204
 167 215  96 250 250 248 253 241 184  94 112  70  73  75  77  79
 225 108  92 255 214 142 123 155 250 222 113  71  72  74  75  77
 199  65  88 255 198 115  68  65 185 254 142  70  71  74  72  74
 152  60  88 255 203 105 107 197 251 255 248 191 103  75  69  79
 136  61  87 255 226 103 247 224 227 255 186 252 222  75  73 156
 141  58  86 255 220 211 255 216 253 239  83 102 114  73  90 240
 156  59  82 228 236 249 255 216 161 114  67  67  69  68 185 254
 218  63  61  63 126 200 255 130  65 121  68 169 186  83 163 249
 237 139  62  59  65 138 246 232 153 121 173 254 203  71 143 247
 195 229 100  61  65 105 142 197 250 253 243 172  80 108 233 222
 169 227 234 123  62  63  76 120 115  71  68  74 132 247 207 226
 181 167 225 239 196 131  81 106 128  87 134 213 253 227 236 227
 224 202 182 201 238 250 250 242 243 253 254 236 194 185 230 253
 204 184 194 177 229 253 235 230 229 232 252 238 208 176 216 175
 171 207 226 248 212 190 190 198 207 213 197 219 248 231 135 148
 177 237 235 187 188 187 203 194 192 192 203 197 200 240 230 206
 183 238 195 247 245 246 246 245 227 198 202 199 199 195 196 196
 233 195 196 240 230 212 205 216 248 240 201 198 198 199 202 203
 231 183 196 239 224 201 192 195 222 251 219 198 200 199 201 201
 208 186 194 238 223 201 198 224 244 250 252 228 204 199 201 199
 212 185 195 239 233 199 238 231 235 249 225 254 243 194 199 218
 212 184 193 238 226 225 238 230 244 244 192 204 207 195 197 249
 212 184 190 234 233 235 239 232 218 202 190 197 198 198 228 254
 239 181 186 187 203 223 242 206 191 207 194 224 232 196 222 254
 249 208 184 187 185 203 243 238 215 204 225 254 236 194 214 247
 215 246 189 186 185 199 205 226 253 254 250 225 194 200 241 226
 181 242 249 201 185 187 189 201 199 185 189 191 207 251 215 231
 192 183 239 254 230 206 186 195 196 187 209 236 254 228 234 226
 239 219 207 213 249 254 254 252 251 254 254 235 195 189 229 254
 211 192 203 189 231 250 213 191 196 213 250 241 214 188 225 181
 171 216 231 241 151  79  68 104 132 137 133 163 243 238 149 159
 179 243 220  91  79  77 130 104  63  71 123  70 100 214 227 206
 194 225 118 254 254 255 254 246 193  99 122  68  73  76  82  83
 241 111 112 255 218 160 136 164 252 225 122  68  70  70  74  77
 205  69 109 255 201 127  67  70 198 255 151  68  67  68  70  73
 159  66 108 255 210 114 118 209 252 255 250 197 108  70  68  77
 144  65 107 255 227 126 250 233 237 254 197 253 225  73  70 162
 146  64 109 255 221 219 255 227 254 244  88 119 128  77  94 244
 167  67 104 241 243 251 255 224 169 130  72  69  68  67 191 254
 228  67  67  69 139 211 255 136  70 131  69 173 188  85 169 252
 254 145  63  63  73 164 250 234 165 135 180 253 208  74 148 249
 225 243  99  64  67 123 161 213 253 251 246 183  85 111 238 233
 200 246 247 128  62  66  80 128 135  79  73  73 135 248 220 241
 201 196 244 254 199 133  84 125 147  87 136 215 254 234 240 235
 246 226 218 221 250 254 253 246 246 251 254 245 201 204 234 253

